Reacoes de apoio [N]
[[3900.00011643]
 [2899.99986082]
 [1599.9998453 ]]

Deslocamentos [m]
[[ 0.        ]
 [ 0.        ]
 [ 0.00097028]
 [-0.00416384]
 [ 0.00034743]
 [-0.00450318]
 [ 0.00025083]
 [-0.00428701]
 [ 0.00053943]
 [-0.00447852]
 [-0.00031315]
 [-0.00410209]
 [ 0.00112457]
 [ 0.        ]]

Deformacoes []
[[-0.00584026]
 [-0.00433817]
 [-0.00364677]
 [-0.00304751]
 [-0.00069634]
 [ 0.00073036]
 [ 0.001846  ]
 [-0.0017893 ]
 [ 0.00208404]
 [ 0.00100001]
 [ 0.0033188 ]]

Forcas internas [N]
[[-6132.2694267 ]
 [-4555.07755732]
 [-3829.11286483]
 [-3199.89028665]
 [ -731.1612596 ]
 [  766.88207963]
 [ 1938.29739545]]

Tensoes internas [Pa]
[[-1.16805132e+09]
 [-8.67633820e+08]
 [-7.29354831e+08]
 [-6.09502912e+08]
 [-1.39268811e+08]
 [ 1.46072777e+08]
 [ 3.69199504e+08]]